"70","180","183","284","299","977"
1,0.923913163467444,0.908600557679294,0.963022417295815,0.953315160776742,0.707320865649355
0.923913163467444,1,0.929793237408668,0.934703413553996,0.937261523812192,0.775327352086643
0.908600557679294,0.929793237408668,1,0.88288092354743,0.918480963772847,0.787022466464124
0.963022417295815,0.934703413553996,0.88288092354743,1,0.944017440031068,0.720459882664112
0.953315160776742,0.937261523812192,0.918480963772847,0.944017440031068,1,0.73196023698718
0.707320865649355,0.775327352086643,0.787022466464124,0.720459882664112,0.73196023698718,1
